[gd_scene load_steps=19 format=3 uid="uid://7d4ov5r0co3r"]

[ext_resource type="Script" path="res://drones/drone_controller.gd" id="1_wkuhu"]
[ext_resource type="PackedScene" uid="uid://bfy55yri5nlf1" path="res://drones/propeller.tscn" id="2_g1bxi"]
[ext_resource type="PackedScene" uid="uid://clublju8kqcsb" path="res://drones/hud.tscn" id="3_51fmh"]
[ext_resource type="Shader" path="res://GodotRetro/Screen Shaders/Glitch.gdshader" id="4_5sool"]
[ext_resource type="Shader" path="res://GodotRetro/Screen Shaders/Aditional Shaders/Blur.gdshader" id="4_d876k"]
[ext_resource type="Shader" path="res://GodotRetro/Screen Shaders/SimpleGrain.gdshader" id="4_epkb1"]
[ext_resource type="Shader" path="res://GodotRetro/Screen Shaders/NTSCBasic.gdshader" id="5_gr48n"]

[sub_resource type="BoxMesh" id="BoxMesh_8xlw1"]
size = Vector3(0.1, 0.05, 0.3)

[sub_resource type="ConvexPolygonShape3D" id="ConvexPolygonShape3D_lgxbx"]
points = PackedVector3Array(0.05, 0.025, 0.15, 0.05, -0.025, 0.15, 0.05, 0.025, -0.15, -0.05, 0.025, 0.15, -0.05, -0.025, 0.15, 0.05, -0.025, -0.15, -0.05, 0.025, -0.15, -0.05, -0.025, -0.15)

[sub_resource type="BoxMesh" id="BoxMesh_8ieuc"]
size = Vector3(0.05, 0.02, 0.5)

[sub_resource type="ConvexPolygonShape3D" id="ConvexPolygonShape3D_akcgp"]
points = PackedVector3Array(0.025, 0.01, 0.25, 0.025, -0.01, 0.25, 0.025, 0.01, -0.25, -0.025, 0.01, 0.25, -0.025, -0.01, 0.25, 0.025, -0.01, -0.25, -0.025, 0.01, -0.25, -0.025, -0.01, -0.25)

[sub_resource type="ConvexPolygonShape3D" id="ConvexPolygonShape3D_q38xv"]
points = PackedVector3Array(0.025, 0.01, 0.25, 0.025, -0.01, 0.25, 0.025, 0.01, -0.25, -0.025, 0.01, 0.25, -0.025, -0.01, 0.25, 0.025, -0.01, -0.25, -0.025, 0.01, -0.25, -0.025, -0.01, -0.25)

[sub_resource type="BoxMesh" id="BoxMesh_lb7lt"]
size = Vector3(0.08, 0.05, 0.05)

[sub_resource type="ConvexPolygonShape3D" id="ConvexPolygonShape3D_io8oi"]
points = PackedVector3Array(-0.039619, -0.025, -0.025, 0.04, 0.0247619, 0.0247619, 0.039619, -0.025, 0.0245238, -0.04, 0.0247619, 0.0247619, 0.039619, 0.0245238, -0.025, -0.039619, -0.025, 0.0245238, -0.039619, 0.0245238, -0.025, 0.039619, -0.025, -0.025)

[sub_resource type="ShaderMaterial" id="ShaderMaterial_j8flj"]
shader = ExtResource("4_d876k")
shader_parameter/amount = 0.3

[sub_resource type="ShaderMaterial" id="ShaderMaterial_poi27"]
shader = ExtResource("4_epkb1")
shader_parameter/amount = 0.03

[sub_resource type="ShaderMaterial" id="ShaderMaterial_ssu33"]
shader = ExtResource("4_5sool")
shader_parameter/_ScanLineJitter = 0.25
shader_parameter/_VerticalJump = 0.01
shader_parameter/_HorizontalShake = 0.0
shader_parameter/_ColorDrift = 0.02

[sub_resource type="ShaderMaterial" id="ShaderMaterial_7t7uf"]
shader = ExtResource("5_gr48n")
shader_parameter/_bleeding = 0.01
shader_parameter/_fringing = 0.1
shader_parameter/_scanline = 0.0
shader_parameter/linearColorSpace = true

[node name="Drone" type="RigidBody3D"]
mass = 0.25
center_of_mass_mode = 1
angular_damp = 2.0
script = ExtResource("1_wkuhu")

[node name="MeshInstance3D" type="MeshInstance3D" parent="."]
mesh = SubResource("BoxMesh_8xlw1")

[node name="CollisionShape3D" type="CollisionShape3D" parent="."]
shape = SubResource("ConvexPolygonShape3D_lgxbx")

[node name="MeshInstance3D2" type="MeshInstance3D" parent="."]
transform = Transform3D(0.707107, 0, -0.707107, 0, 1, 0, 0.707107, 0, 0.707107, 0, 0, 0)
mesh = SubResource("BoxMesh_8ieuc")

[node name="CollisionShape3D2" type="CollisionShape3D" parent="."]
transform = Transform3D(0.707107, 0, -0.707107, 0, 1, 0, 0.707107, 0, 0.707107, 0, 0, 0)
shape = SubResource("ConvexPolygonShape3D_akcgp")

[node name="MeshInstance3D3" type="MeshInstance3D" parent="."]
transform = Transform3D(-0.707107, 0, -0.707107, 0, 1, 0, 0.707107, 0, -0.707107, 0, 0, 0)
mesh = SubResource("BoxMesh_8ieuc")

[node name="CollisionShape3D3" type="CollisionShape3D" parent="."]
transform = Transform3D(-0.707107, 0, -0.707107, 0, 1, 0, 0.707107, 0, -0.707107, 0, 0, 0)
shape = SubResource("ConvexPolygonShape3D_q38xv")

[node name="MeshInstance3D4" type="MeshInstance3D" parent="."]
transform = Transform3D(1, 0, 0, 0, 0.939693, -0.34202, 0, 0.34202, 0.939693, 0, 0.0609698, -0.077609)
mesh = SubResource("BoxMesh_lb7lt")

[node name="Camera3D" type="Camera3D" parent="MeshInstance3D4"]
current = true
fov = 100.0
near = 0.01
far = 8000.0

[node name="CollisionShape3D4" type="CollisionShape3D" parent="."]
transform = Transform3D(1, 0, 0, 0, 0.984808, -0.173648, 0, 0.173648, 0.984808, 0, 0.0609698, -0.0557061)
shape = SubResource("ConvexPolygonShape3D_io8oi")

[node name="FRProp" parent="." instance=ExtResource("2_g1bxi")]
transform = Transform3D(0.707107, 0, -0.707107, 0, 1, 0, 0.707107, 0, 0.707107, 0.16, 0.01, -0.16)

[node name="BRProp" parent="." instance=ExtResource("2_g1bxi")]
transform = Transform3D(0.707107, 0, 0.707107, 0, 1, 0, -0.707107, 0, 0.707107, 0.16, 0.01, 0.16)

[node name="BLProp" parent="." instance=ExtResource("2_g1bxi")]
transform = Transform3D(-0.707107, 0, 0.707107, 0, 1, 0, -0.707107, 0, -0.707107, -0.16, 0.01, 0.16)

[node name="FLProp" parent="." instance=ExtResource("2_g1bxi")]
transform = Transform3D(-0.707107, 0, -0.707107, 0, 1, 0, 0.707107, 0, -0.707107, -0.16, 0.01, -0.16)

[node name="CanvasLayer" type="CanvasLayer" parent="."]

[node name="HUD" parent="CanvasLayer" instance=ExtResource("3_51fmh")]
visible = false

[node name="Shaders" type="Control" parent="CanvasLayer"]
visible = false
layout_mode = 3
anchors_preset = 8
anchor_left = 0.5
anchor_top = 0.5
anchor_right = 0.5
anchor_bottom = 0.5
grow_horizontal = 2
grow_vertical = 2

[node name="BackBufferCopy4" type="BackBufferCopy" parent="CanvasLayer/Shaders"]
position = Vector2(-72.6249, -19.5)
scale = Vector2(15.7137, 9.815)
copy_mode = 2

[node name="ColorRect" type="ColorRect" parent="CanvasLayer/Shaders/BackBufferCopy4"]
material = SubResource("ShaderMaterial_j8flj")
anchors_preset = 15
anchor_right = 1.0
anchor_bottom = 1.0
offset_left = -100.0
offset_top = -100.0
offset_right = -100.0
offset_bottom = -100.0
grow_horizontal = 2
grow_vertical = 2

[node name="BackBufferCopy3" type="BackBufferCopy" parent="CanvasLayer/Shaders"]
position = Vector2(-72.6249, -19.5)
scale = Vector2(15.7137, 9.815)
copy_mode = 2

[node name="ColorRect" type="ColorRect" parent="CanvasLayer/Shaders/BackBufferCopy3"]
material = SubResource("ShaderMaterial_poi27")
anchors_preset = 15
anchor_right = 1.0
anchor_bottom = 1.0
offset_left = -100.0
offset_top = -100.0
offset_right = -100.0
offset_bottom = -100.0
grow_horizontal = 2
grow_vertical = 2

[node name="BackBufferCopy2" type="BackBufferCopy" parent="CanvasLayer/Shaders"]
position = Vector2(-72.6249, -19.5)
scale = Vector2(15.7137, 9.815)
copy_mode = 2

[node name="ColorRect" type="ColorRect" parent="CanvasLayer/Shaders/BackBufferCopy2"]
material = SubResource("ShaderMaterial_ssu33")
anchors_preset = 15
anchor_right = 1.0
anchor_bottom = 1.0
offset_left = -100.0
offset_top = -100.0
offset_right = -100.0
offset_bottom = -100.0
grow_horizontal = 2
grow_vertical = 2

[node name="BackBufferCopy" type="BackBufferCopy" parent="CanvasLayer/Shaders"]
position = Vector2(-72.625, -19.5)
scale = Vector2(15.7137, 9.815)
copy_mode = 2

[node name="ColorRect" type="ColorRect" parent="CanvasLayer/Shaders/BackBufferCopy"]
material = SubResource("ShaderMaterial_7t7uf")
anchors_preset = 15
anchor_right = 1.0
anchor_bottom = 1.0
offset_left = -100.0
offset_top = -100.0
offset_right = -100.0
offset_bottom = -100.0
grow_horizontal = 2
grow_vertical = 2
